BERTScore:
  avg_f1: 0.7750905345786702
  avg_precision: 0.7721337974071503
  avg_recall: 0.77947998046875
BLEU: 0.1250073506777155
BLEURT: -0.26655343073335563
COMET: 0.790699763731523
METEOR: 0.3244418576574397
SCAREBLEU: 12.50073506777155
chrF: 33.92610348538584
